-100,100
75,66,64,79,5,30,73,8,71,76,3,2,67,11,77,41
75,45,46,25,76,23,44,78,57,18,4,7
49,2,9,64,32,46,45,24,53,67,52,7,69,70,49,65,62,60,12,26,58,36
80,31,51,9,49,54,15,72,23,48,32
79,77,3,55,49,69,58,55,57,47,55,74,29,35,5,6,44,72
43,23,29,51,23,2,18,14,56
45,14,16,74,16,22,74
79,1,13,77,55,38
41,74,63,4,65,73,79,39,21,1,61,54,18,74,30,67,71,43,34,16,10,55,9,45,5,9,9
64,78,10,24,71,24,60,8,16,58,46,68,58,27,41,28,52,22,46,74,64,79,9
53,18,22,9,58
41,73,60,2,17,50,25,28,9,72,37,55,59,46,33,52,73,36,73,70
9,68
33,40,39,6,80,17,36,73,9,47,74,57,16,51,36,57,42,72,31,53,38,15,24,62,2,48,52,63,56,39
41,31,43,46,62
33
52,79,48,60
50,16,23,11,7,5,15,76,51,70,58,52,38,61,35,45,19,39,37,1,33,3,63,76,67,36,47
35,26,64,4,73,6,47,32,42,61,27,12,3,36,63,72,16,49,36,67,39,73,19,24,27,1
13,69,17,30,55,42,13,59,67,50,57,18,11,69,76,54,71,64,69,14,31,37,50,17,28,74,68,51,20
21,64,40,37,14,15,30,58,25,16,60,1,65,22,21,61,76,12,44,64,25,26,52,26,75,31,51,62,1,22
21,6,41,9,51,55,39,60,31,54,39
39,13,3
40
46,23,23,71,26,48,65,57,51,46,9,72,79,62,77,71
79,77,28,59,27,2,49,9,72,13,11,74,52,57,39,26,79,61,52,78
60,48,43,68,72,73,49,68,63,39,19,59,66,77,37,19,77,45,42,10,8,35,13,16,25,39
6,10,43,3,21,43,77,8,34,22,9,53,4,79,71,15
19,51,35,48,48,28,9,55,63,21,70,39,59,35,76,20,29,78,40,23,27,80,8,48,8,13
38,35,17
6,20,39
67,67,61,41,1,1,62,39,12,48,35,31,28
23,51,42,22
41,61,22,44,18,57,12,70,62,63,29,66,49,47,78,41,47,78,22,37
21,23,72,49,39,46,51,32,19,60,73,79,34,68,48,42,31,69,55,14,49
62,15,37,55,13,66,28,2,27,49,24,50,49,14,15,19,46,65,30,38,15,63,57,62,24,7,2,78,20,51
34,17,57,8,62,43,35,63,21,35,38,70,3,52,36,21,17,20,51,54,34,65,30,47,41,68,48,70,8
59,73,19,35,80,80,29,66,14,49,53,51,70,55,22,57,28,38,28,30
61,14,24
54,12,59,44,51,28,54,43,78
74,29,21,59,74,69,63,45,11,38,18,19,65,56,47,46,50,27,59,74,38,65,37,16,60,7,75,33,49,25
42,53,44,52
65,35,43,75,24,60,45
67,11,5,37,70,63,62,27,47,18
58,56
10,24,12,34,17,65,29,20,63,13,54,25,39,29,4,4,68,23,14,72,11,3,7,72,61,5,41,54
16,42,72,71,53,57,7,69,6,26,3,50,32
9,60,15,44,48,37,57,71,47,12,77,38,72,2,30,46,64,77,39
67,43,64,25,64,21,2
70,33,45,30,45,59
44,15,2
13,13,31,2
32,31,1,47,27,39,53,45,2,68,69,17,40,70,2,62,55,78,11,19,56,36,62,22
15,34,1,77,35,4,28,17,37,26,43,27,79,39,60,18,27,76,58,17,78,39,23,75,1,41,3
54,56,24,68,42,24,17,28,60,76,45,16,22,39,42,52,78,22,69,56,17,46,24,46,4,46
37,38,27
11,34,48,31,75,71,47,55,50,42,51,65
41,59,34,38,32,23,46,80,20,69,78,56,67,70,12,24,48,35,35,1,2,65,28
31,2,42,24,52,59,7,44,69,72,2,20,46
51,66,67,48,41,53,69,4,77
38,63,69,40,79,16,64,61,49,57,4,52,35,10,15,55,34,48,74,79,46,77,64,65,44,56
33,59,65,20,17,79,8,8,77,55,71,57,23,47,13,74,34
9,8,7,8,34,6,54,30,21,38,25,77,26,9
43,61,71,73,68,30,70,43,20,78,17,19,10,11,4,16,51,11,22,58,76,59,63,57,80
34,76,78,42,50,72,22,73,64,42,54,5,36,26,35,52,44,76,14,47,11,64
33,74,37,43,56,13,42,28,46
57,40,39,80,13,63,63
36,20,41,61
13,56,1,26
12,42,63,76,67,51,38,74,63,80,21,61,68,29,20,58,28,64,40,43,70,28,62,30
67,74,16,67,52,69,78,45,3,25,31,53,63,24,68,14,77,48,33,25
11,5,34,2,47,23,61,28,5,21,14,78,68,80,1,8,30,45,43
27,15,68,51,34,33,47,1,66,23,51,28,27,5,61,25,59,42,52,63,14,17,13,33
13,40,30,10,2,3,36,49,23,6,2,55,4,35,72,59,5,19,37,41,32,62,20,25,65,34,70,34,78
2,11
31,20,15,65,7,63,7,45,64,14,48,50,5,58,55,56,15,47,39,28,18
12,4,52,45,1,25,78,11,5,60,62,51,45
33,3,65,49,48,32,18,53,42,24,60,8,71,18,35,40,32,78,43,35,75,44,59,72,54,15,52,68,66
8,18,2,72,18,50,55,36,54,16,59,33,55,1,2,9,41,65,7,3,19,1,46,77,24,52,11,27
28,74,78,46,28,21,63,77,75,50,50,43,29,34,17,29,67,58,21
64
21,16,21,49
72
18,62,39,43,59,4,22,79,18,18,26
19,68,48,52,36,28,70,13,49,72,28,24,12,75,44,60,66,36,71,35,49,29,29,28,64,51,58,33
35,52,39,22,19,42,10,79,32,22,79,23,50,22,67,76,65,46,61,52,68,47,21,48,76,80,31,78,57,16
12,67,55,65,38,17,74,36,80,48,66,22,49,7,8,44,71
57,75,73,23,15,41,50,14,23,47,22,70,64,65,57,70
46,38,75,33,37,74,18,59,42,24
38,46,23,14,40,48,36,54,40,38,19,14,4,41,4,19,25,60
26
78,53,9,35,46,26,45
1,62,77,46,37,42,6,4,77,11,75,66,30,8,22,22,11,40,46,70,32,24,46,30,76,6,64,41,31,60
63,41
29,77,69,66,32,18,76,26
57,34,24,78,76,16,44,66,47,67,63,28,14
43,54,3,22,6,66,63,65,14,11,6,79,75,23,26,52,57,3,37,33,32
80,27,18
45,32,26,58,52,68,64,55,10,21,72,24,5,5,66,42,35,60,16,12,32,73,14,68,57,78,20,56
69,53,69,53,30,46,56,50,61,62,59,1,53,34
9,19,79,43,31,15,55,14,39,20,33,15,17,53,22,73,73,26
77
58,53,25,39,66,35,71,39,20,28,47,38,59,42,20,73,16,33,63,67,66,77,36,70,50,28
27,40,11,34,49,15,10,39,80,44,30,70,15,9
53,67,30,24,59,77,57
63,42,21,50,63,70,77,76,17,68,6,2,37
12,75,52,55,56,41,70,65,29,74,51,58,17,62,54,25,54,69,18,27
80,16,19,76,64,6,33,66,74,5,77,21,56,3,76,16,24,60,77,49,63,54,18,76,60,42,1,80,60,27
11,75,7,6,58,45,71,75,38
23,58,50,58,6
1,65,13,2,79,19,19,26,30,12,27,61,23,5,49,34,79
71,9,52,61,35,41,55,58,19,24,35,24,73,67,40,37,68,71,55,38,16,36,50,74,16,72,31,17
29,24,48,69,27,28,24,67,35,33,37,58,67,12,2,53,4,39,73,74,45,30,41,1,31,67,16
17,64,31,45,7,30,66,65,10,9,4,44,41,40,53
4,55,63,7,13,7,80,57,37
9,19,26,57,73,74,40,56,39,79
56,63,14,64,66
56,58,62,34,61,36,48,67,80,55,18,56,43,9,17,61,67,73,6
32,61,18,30,17,73,45,63,8,30
15,39,52,80,51,39,48,37,38,22,6,46,16,15,62,76,1,54,33,60,37
30,19,62,22,63,76,62,44,18,76,3,22,76,53,60,75,42,18,16,47,15,63,61,76,58
1,43,73,69,7,22,7,20,75,69,15,56,33,33,4,67,6,79,71,65,73,64,34
63,48,22,75,43,31,8,75,73,80,64,80,21,70,19,15,11,66,23,75,50,26,61,55,56,3,39,48,67,73
49,40,60,43,35,42,50,61,67,1,44,66,21,66,36,68,76,53,42,70,22,67,2,28,42,4,67,41,70
79,70,2,10,33,68,3,34,49,69,35,44,54,7,61,42,74,8,14,35,29
53,30,15,14,34,33,6,55,43,4,45,77,45,29,64,48,62,64,36,16,60,42,23,40,35,48,48,48
76,67,7,58,2,21,43,34,26,17,29,62,13,25,58,73,40,25,55,56,13,22,35,54,76
40,76,73,39,30,21
36,78,27,8,40,12,66,8,40,47,53,16,24,45,8,1
15,13,73,49,18,68,26,57,63,51,15,44,71,40,80,20,18,7,11
72,18,53,70,70,69,46,35,28,46,5,42
77,42,27,17,67,3,31,69
75,59,9,26,30,58,32,40,39,56,58,12,77,79,32,42,33,11,7,70,52,16,18,45,74,66,63,76,17
45,43,30,5,20,12,14,51,51,5,58,28,48,55,59,31,16,11,41,55,32,44
50,8,16,35,70,43,3,41,39,45,23,75
34,9,67,36,45,76,16,12,2,74,42,50,4,34
36,77,45,37
12,71,25,55
66,13,70,40,8,6,25,48,24,60,44,19,75,55
68,48,22,24,1,45,11,77,41,47,32
69,56,59,62,73,23,4,64,62,9,8,61,32,20,24
46,78,54,66,77,75,9,77,71,51,25,32
56,36,37,64,46,51,56,68,54
2,62,79,62,45,18,6,46,16,35,52,1,64,46,41,60,37,11,37,20
12,7,47,27,52,49,3,71,22,74,24,35,72,6,31,42,43,77,57,29,80
12,45,49,24,33,59,60
21,23,10,19,50,13,68,4,36,41,77,59,76,20,16,58,13,10,54,21,71,5,29,2
77,57
7,68,70,27,11,31,46,12,44,33,47,31,25,75
52,14,9,30,59,18,35,79,40,40,28,74,41,24,50,26,31,38,15,57,80
54,43,41,6,9,71
3,63,34,48,71,63,26,41,18,25,80,57,52
17,27,43,42,57,32,9,66,63,54,39,25,14
33,36,59,35,18,12,2,9,27,28,49,44,4,80,52,55,73,20,1,67,61,10,50,21,27,32,74
56,39,61,8,26,71,42,44,35,75,4,61,54,4,24,57,3,75,31,27,14,64,45,26,25
47,51,45,72,35,20,63,48,59,8,38,52,3,72
38,4,20,41,27,77,76,53,59,22,18,74,19,76,18,32,74,68,29,17,55,48,79,22,59,7,11
41,35,28,79,38,80,71,17,28,66
38,40,39,32,58,34,49,41,59
69,75,43,69,74,16,47,32,26,28,24,12,8,22,50,7,13,18,66,30,6,23,69,76,6,78,61,55,39
75,27,66,69,15,11,4,61,74,61,41,17,73,48,39,74,6,51,11
80,48,13,21,76,19,18,56,25,8,47,51,35,32,39,49,74,42,62,67,22
3,46,21,41,71,26,43,1,48,75,1,12,47,76,30,64,3,6,72,49,56,58,32,46
25,7,71,43,61,44,46,58,16,38,49,73,33,1,40,27,1,52
28,33,8
71,31,31,78,40,15,44,18,71,50,8,34,62,4,31,40,51,68,8,44,20,8,35
41,6,22,20,71,30,2,61,12,65,58,52,79,21,21,21,23,28
36,63,36,75
24,34,29,75,74,63,73,34,21,14,5,11,75,7
7,23,80
53,53,30,73,27,9,79,62,24,34
57,9,42,37,4,35,19,76,20
41,25,1,36,63,23,74,37,55,35,9,59,64,33,37,24,31,18,47,17,26,55,25,20,11,60,54,30,7
20,48,50,21,35,64,75,60,20,1,14,60,59,29,12,15,4,75,65,51,11,42,57,67,61,68
35,49,5,60,68,52,61,40,38
67,17,47,67,30,26
10,69,12,14,63,76,16,25,38,72,44,18,11,42,4,59,46,15,79,50,27,70,7,22,56,24
43,5,45,40,47,66,3,12,48,79
25,68,50,20,37,61,61,73,71,58,7,69,27,66,59,34,7,34,9,27,28,45,23,67,11,8,22
8,52
64,39,50,3,27,30,15,51,52,72,10,41,51,75,51,36,1,36,44,59,64,8,34,2,51,41,23,72
74,72,63,64,41,17,43,22,31,45,73,55,54,65,57,48,35,12,1,71
11,6,46,44,39,16,37,14,8,36,39,79,51,55,71,67,17
50,13,4,56,67,69,32,66,55,43,18,77
29,2,46,72,73,62,28,38,21,16,76
66,50,41,4,18,52,5,31,7,60,49,27,43,34,2,37,52,78,37
32,3,55,56,64,3,13,4,50,8,54,67,10,14,70,59,17,27,9,23,38,9
1,43,3,37,46,32,74,77,63,76,51,38
5
46,6,10,51,72,19,16,62,29,32
38,6,77,78,7,77,40,41,34,37
59,65,7
68,77,16,72,78,13
7,63,21,57,78,2,6,61,73,75,18,70,72,25,66,64,17,51
9,29,37,48,34,24,44,1,47,41,13,76
75,17,56,24,50,13,4,43,39,22,32,31,78,49,46,46,20,17,7,80,53,54,34,28,17,66,27,9,79,22
25,70,16,49,40,28,52,34,19,25,17,1,54,65,46,20,36,14,26,36,67,31,21,46,47,6,72,55
46,15,29,35,30,29,26,9,32,11,27,57,27,27
44,24,33,79,38,58,66,56,8,38,53,6,44,45,13,79,10,27,59,76,8,7
16,39
75,47,11,53,60,6,77,13,36,66,70,22,41,30,59,13,67,54,9,79,53,50,57,31
64,70,19,32,60,2,26,58,44,78,37,49,26,49,5,11,71,58,3,52,68,48,38,42,8,37
58,13,28,55,29,17,25,60,76,58,37,53,22,66,42,22,12,10,58,54,32,67,9,3,55,8
48,15,29,13,24,73,40,78,21,9,54
36,32,68,41,5,54,2,58,17,43,68,22,27,54,30,29,60,69,21,59,4,49
59,74,15,9,14,23,62,78,10,13,65,50,49
3,27,6,78,46,60,24,19,41,52,31,30,25,41,65,73,64,43,18,78,51,64,20,65,61,61,77,77,31,78
65,56,24,62,21,3,5
44,9,21,25,33,62,9,57,45,51,75,74,54,58,45,38,38,25,66,34,55
52,40,38
21,58,30,58,49,25
21,49,18,34,57,74,30,28,68,23,33,45,67,70,34,12
68,18,38,39,9,27,66,30,5,16,39,5,72,24,25,41,41,11,17,34,40,76,54,63,28
1,49,4,12,24,23,30,13,13,38,39,79,19,75,46,57,31,37,32,8
72,18,46,58,57,73,63,71,53,32,72,21,35,3,76,9,64,40,22
79,20,24,25,17,33,56,5,64,63,34,8,32,31,17,8,23,79,79,27,30,70,80,17
75,25,40,35,78,13,65,49,36,9,65,68,16,70,52,30,55,59,61,5,75,21,59,25
6,54,72,37,22,15,31,79,54,17,76,66,1,45,54,42,61,41,9,2,44
56,54,51,60,80,71,71,24,41,28,30,32,64,51,79,14,1,4,63,77,22,63,73,75,56,53,67,65,55
55,30,4,57,42,4,80,64,27,40,11,56,24,74,59,54,39,11,57,53,7
36,31,24,43,36,11,59,10,41,33,71,76,42,64,79,41,47,58,32,9,65,7,34,75,60,25,6,69,77,44
64,75,74,27,30,4,5,71,76,70,13,71,63,77,22,23,75,31
36,47,61,69
72,13,47,60,42,42,30,25,36,23,3,17
8,39,53,29,52,75
80,48,65,26,78,38,13,77,50,2,38
46,36,53,7,77,2,64,65,56,66,33,1
24,5,53,75,80,15,26,79,79,3,77,69,16,73,38,49,62,79,14,49,52,53,45,5,36
61
14
46,37,18,50,63,49,17,40,47,47,74,75,35
19,25,57,32,23,23,80,26,27,45,63,62,57,43,34,70,55,31,58,24,33,72,24,49,63,23,47,57,17
65,68
74,19,32,48,19,58,74,63
7,39,34,40,61,40,23,70,16,55,14,39,23,76,61,69,52,78,22,37,65,31,62,35,63,29,53,72,54,35
60,26,16,51,38,55,73,59,70,47,72
21,68,41,42,39,70,15,27,6
8,41,28,68,13,19,41,80,1,52,57,16,23,46,22,47
12,46,16,72
3,64,59,73,54,74
59,39,27,51,18,47,64,36,7,15,68,11,71,35,65,36,56,31,11,19,76,26,42,14,60,26,72,53,31,65
9,55,2,12,72,48,75,59,7,41,78,17,31,32,1,18,8,63,28,26,11,6,20,24
45,47,69,75,64
35,70,46,46,14,13,72,72,19,64,22,67,14,53
63,60,2,11,38,12,48,57,67,32,53,65,53,79,48,16,65,38,61
51,26,6,74,76,70,15,63,3,68,1,18,79
28,68,77,75
15,58,80,80,62,78
30,63,36,42,77,38,67,2,64,15,71,78,77,26,17,29,43
15,22,67,11,48,63,26,57,62,25,39,12,23,20,74,59,61,70,48,80,23,31,14,14,61,42,39,29
33,76,4,54,63,47,21,77,72,77
48,67,69,70,38,14,80,19,35,48,50,58,30,63,23,10,24,61
45,45,66,1,18,80,47,70,76,70,18,6,37,37,26,58,74,40,10,44,26,9,13,3,38,27,25,80,50
38,47,33,55,79,50,55,45,71,50,66,41,55,54,77,33,31
72,72
49,80,78,52,38,25,28,69,26,17,26,24,49,80,22,51,6,18,73,56,3,33,62,56,61,14
3,37,30,68,6,30,17,9,19,41,68,7,19,36,64,42,37,15,64
21,33,31,28,36,16,9,43,76,55,1,30,11,31,17,48,12,34,56
26,76,68,44,31,3,38,67,17,53,25,37
8,64,40,23,25,35,50,79,35,80,41,17,16,9,60,1,16,41,59,11,60,22,74,62,11
79,63,37,67,68,44,3,59,18,59,13,67,57,48,66,49,16,34,9,76,66,57
44,19,48,18,12,29,28,24,59,11,12,46,78,7,80,56,24,58,21,42,66,20,60,66,35,45,75,62
51,50,26,21,17,43,33,77,22,8,56,32,19,53,61,57,4,69,80,61,9,73,78,60,52,63,14,16,9,28
11,77,23,32,45,17,16,41
23,48,22,73,20,34,49,23,54,80
14,24,32,73,76,47,39,43,7,66,72,18,14,46,1,58,14,16,50,4,70,18,57,62,69
62,12,16,13,78,61,36,62,6,63,28,44
34,61,1,3,74,79,3,51,12,18,52,47,39,69,23,52,10,65
21,32,77,50,44
31,49,79,10,12,56,44,72,9,78,17,7,1,67,50
71,17,9,11,39,60,20,55,45,72,6,73,42,2,57,24,50,8,34,62
29,5,23,26,22,29,26,40,31,28,62,47,68,73,5
12,12,43,4,49,68,77
76,20,20,3,53,33,18,1,69,40,27,10,21,4,2,51,63,63,49,50,7,53,49,19,64,43,54,65,30,50
26,21,53,60,74,37,77,26,26,69,4,67,41,40,68,43,22,3,11,72,9,15,40,59
2,32,15,64,33,48,41,54,53,20,79
17,56,34,37,60,21,77,19,40
72,74,1,63,35,47,54,13,77,8,77
71,61,11,31,66,63,50,64,71,18,40,25,6,51,77,2,69,36,24,60,30
75,64,23,80,28,19,7,24,62,29,37,72,59,22,54,61,38,76,30,77,20,36,79,48,69,67
13,78,65,68,24,80,10,24,27,61,62,3,42,11
65,69,12,38,1,49,65,31,77,5,18,75,52,6,13,7,18,43,23,38,18
79,41
59,23,35,52,65,25,36,5,36,73,6,37,58,68,33,14,5,60,17,10,72
60,66,78,17,4,52
44,52,26,18,38
34,62,33,39,49,57,76
66,63,70,31,19,49,80,28,72,55,39,58,4,7,61,55,54,56,58,79,74,15,75,59,28
17,77,36,12,33,21,26,22,4,44,22,3,24,14,57,62,71,12,21
19
26,76,24,51,43,18,30,70,29,46,66,64,10,51
35,72,39,31,14,73
27,49,67,49,13,39,19,31,32,76,26,55,47,20
28,10,5,25,27
34,77,55,21,21,46,51,34,38,56,12,39,74,60,51,65,30,1
25,58,23,71,78,79,50,7,3,75,65,22,28,62,76,80,2,73
67,31,9,30,69,3,41,39,19,70,71,66,14,48,40,37,45,38,6,3,72,32
45,60,1,73,59,34,65,13,20,15,21,1,3,23,41,73,73,62,63,59,27,31,18,15,27,56,53,30
4,49,76,63,1,68,74,34,52,6,5,19,26,5,53,1,77,46,73,58,28,51,4,10,21,19,37,76,71
26,74,18,21,9,18,40,34
44,71,7,62,48,11,34,80,39,31,25
59,27,51,20,47,21
74,43,25,20,69,42,72,77,11,32,62,13,27,52,19,8,19,61,73,51,19,24,75,66,34,21
53,68,9,61,61,52,5,32,40,79,24,68,41,7,49,54,65,52,72,72,22,53,16,72,23,71,66,9,56
29,61,26,37,41,6,40,77,70,79,27,13,18,68,51,18,41,35,69
58,11,36,25,34,11,48,52,19,23,10,47
35,35,75
75,72,61,25,18,25,43,5,27,60,45,13
29,70,43,16,47,76,26,14,47,76,68,8,74,71,42,29,17,66,55,8,78
58,23,73,62,1,53,59,14,53,39,35,15,6,1,42,32,14,41,27
48,53,24,42,1,40,59,7,80,56,5,57
78,70,31,2,80,76,6,70,30,52
31,13,27,76,5,5,29,5,57,4,78,9,44,56,15,75,63,52,3,13,1,72,75,2,24,70
13,51,10,8,1,54,66
59,71,57,63,79,61,12,8,56,67,22,2,49,25,4,13,25,75,39
18,60,64,63,31,73
31,47,56,59,57,78,68,71,76,80
3,55,68,57,56,68,1,11,33,26,5,71
55,51,67
1,11,58,63,57,65,42,33,62,61,23,58,60,56,12,66,43
73,63,21,3,15,78,39,5,80,13,55,18,1,7,29,11,70,37,75,63
57,43,76,66,22,52,77,7,14,49,79,28
1,42,66,39,79,17,4,53,35
12,15,46,1,51,41
72,49,25,68,34,78,39,62,4,4,30,34,32
66,73,67,24,23,4,59,76,70,15
4,60,39,54,52,53,46,20,29,65,5,26,23,67,61,26,48,46,9,18,31,34,4,6,56,39,65,3,60
41
42,31,69,14,3,34,33,63,18,38,8,72,56
49,23,65,58,72,47,11,28,53,18,18,69,21,78,19,13,60,12,44,48,25,78,33,58,61,2,47,68,73,54
74,76,56,51,20,23,13,47,27,30,16,47,2,13,17,15,25,28,10,24,53,7,57,62,67,10,60,7,35,33
28,60,53,30,79,27,42,77,53,23,13,51,57,25,67,71,1,47,80,25,19,38,33,32,25,42
31,28,75,28,55,54,80,36,53,27,29,1,31,52,13,34,60,70,52,50,70
1,46,68,38,78,19,14,72,61,44,19,7,23,26,61,55,61,65,33,10,65,63,13,30,48,72,19,20
40,37,25
25,14,3,75,28,26,8,23,45,14,78,70,26,52,2,10,4,43,27,18,55,56,66,78,26,5
65,73,46,22,49,12,57,76,71,2,35,13,46,80,42,67,26,13,69,67,48,31
66,38,20,3,67,45,39,9,62,31,6,3,32,17,59,27,7,61,61,52,58,12,13
37,58,65,56,25,47,20,10,4,40,12,71,36,50,31,17,33,36,20,64,53,30,42,11,10
62,20,65,27,64,54,4,80,29,60,46,48,22,50,39,65,72,75,67,54,11,19,9,62
13,12,75,24,53,48,37,72,32,15,7,37,50,6
30,52,65,3,53,23,67,76,17,53,49,60,23,9,41,56,22,4,2,77,9,1,65,80,65
39,21,1,44,6,62,47,22,64,51,44,3,78,13,55,78,72,30,7,64,37,60
39,8,28,71,72,59,55,55,17,28,56,13,65,69,11,6,5,62,49,7
61,13,57,4,42,15,20,79,74,39,37,1,18,59,24,76,34,79,13
6,25,77,26,67,2,30,48,50,36,59,63,49,67,18,42,1,69,40,26,59,28,58
7,33,72,72,63,36,4,68,12,80,46,78,1,75,78,2
56,16,63,74,66,24,26,54,16,51,65,43,60
1,12,3,72,75,70,75,14,1,26,59,31,58,6,28,60,20,35,27,2
12,57,5,18,72,55,2,67,66,13,67,77,16,59,71,5,5,37,38,63,47,68,40,52,47,51,23,33
24,12,41,33,16,10,56,22,43,42,7,56,29,3,23,39,26,59
62,16,57
35,17,32,33,67,54,65,16
76,9,14,11,18,69,32,61,31,38,68,11,73,10,49,18,68,43,31,36
10,22,36,73,7,54,79,71,70,60,19,30,73,61,47,61,45,59,43,34
53,26,55,53,75,75
57,30,35,67,3,22,59,9,75,57,32,16,36,50,45,60,62,44,73,26,22,35,12,68,40,37
12,64,68,27,40,49,13,26,52,66,37,60,61,45,11,28,33,12,25,12,74,68,4,51
71,62,28,30,51,22,41,34,41
25,10,64,3,13,50,39,72,62,35,35,9,67,78,65,31,23,52,66,74,13,56,55,72,37,57,45,30,10,6
67,47,64,69,59,33,27,2,14,61,68
80,66,39,62,40,43,47,33,7,55,40,78,43,16,43
58,80
44,46,8,32,56,40,10,57,6,22,77,12
14,2,2,53,44,1,6,2,7,77,80
44,74,73,21,73,64,16,70,23,79,45,15,8,53,20,30,49,63,2
64,36
60,36,72,61,74
12,42,31,5,34,4,29,50,51,50,72,50,46,6,57,19,57,38
39,40,33,55,27,19,66,14,10,46,7,29,10,48,11,14,34,46,75
17,44,26,66,10,32,74,60,40,32,78,31,71
5,17,48,22,30,9,19,68,69,28
32,74,20,77,68,22,45,63,80,30,72,63,24,3,22,55,1,4,77,62,8,45,62,61,26
80,13
27,79,74,20,19,70,39,72,67,22,71
45,5,71,48,27,77,48,30,73,61,70,69,74,50,14,16
58,58,28,9,51,79,27,72,38,50,58,59,73,26,23,77,48,70,55,45,69
69,2,58,58,75,59,23
60,33,19,7,41,21,5,19,13,74,68,22,52,12,79,27,41,47,48,15
69,3,79,70,60,8,16,71,63,26,50,15,76,8,55,17,44,25,61,38,44
41,56,1,67,16,79,67,62,9,55,17,39
28,47,59,18,61,36,19,75,64,26,1,80,22,25
59,68,13,51,75,13,70,42,43,56
51,30,72,10,25,19
35,69,68,23,7,14,6,65,46,5,6,70,16,16,9,28,18,4,73,7,77,35,62,52,6,11,43,47
14,6,22,34,25,44,72,70,49,56,35,5,13,56,20,60,64
78,19,71,4,16,26,66
63,28,62,61,47,27,18,68,12,42,63,3,63,63,11,17,67,23,72,6,3,7,4,32,26,75,35
52,52,59,66,32,72,46,78,18,63,17
56,79,64,70,61,74,6,79,16
4,50,35,39,33,60,65,68,52,68,71,63,53,22,54,18,51,24,32
4,39,17,67,28,29,60,65,27,28,13,62,29,80,53,62,59,69,1,63,57,71,45,29,45,50,79,47,73
66,77,21,34,15,80,15,75,17,73,54,29,55,2,28,59,15,39,47,15,53,55
17,4,2,66,34,48,11,15
7,67,19,53,19
47,35,25,52,63,31,54,43,41,20,33,8,35,5,62,72,21,17,25,38,2,72,80
9,38,3,27,11,21,59
7,35,61,70,18,66,64
5,16,65,39,52,79,62,24,47,6,61,49,30,13,17,38,50,19,64,60,72,74,69,78,60,49,19,77
34,55,38,1,71,29,52,21,10,75,68,48,8,68
20,4,66,69,54,1,49
26,37,27,37,5,77,34
31,40,27,31,30,55,35,51,17,29,70,64,68,9,12,7,12,29
17,29,28,14,6,64,72,42,20,68,27,9,50,66,35,1,16,42
18,10,15,39,73,35,79,36,41,42,16,20,58,76,47,23,1
14,74,1,34,21,41,3,6,28,35,53,69,21,22,78,68,60,22,22,10,9,62
24,34,29,19,80,3,51,62,17,44,14,2,64,55,4,70,2,71,74,22,11
51,78,27,72,19,37,32,33,7,7,66,35,25,65,38,27,46,6,70,12,39,54,66,74,75,19
68,40,75,3,10,72,30,33,11,66,16,75,72,22
59,78,44,48,24,42,5,13,53,43,18,70,36,12,8,20,32,47,46,66
37,15,72,79,32,7,73,56,60,52,66,57,48,33,80,41,69,12,13,31,30,2,18,73,9,69,24,7
10,46,23,56,69,21,40,75,46,15,54,49,80,30,48,64,61,8,52,72,20,34,53,53
46,13,72,21,51,25,62,16,47,70,4,20,29,30,17,43,35,17,74,16,65
76,72,28,20,44,61,72,48,63,69,61,54,42,63,31,23,31
44,66,48,72,16,16,66,2,33,59,50,17,67,77,40,14,16
26,40,3,41,60,15,14,21,77,44,76,27,73,39,13
31,60,8,16,13,72,27,62,40,13,59,79,59,26,34,36,17,68,76,77,2,42
78,5,44,57,29,3,69
65,80,60,32,12,51,58,26,10,23,36,40,1,61,25,36,78,12,32,26,13
74,43,29
51,10,72,71,30,56,70,41,7,33,11,17,58,52,39,45,43,39
68,26,55,79,9,32
33,25,38,62,62,8,71,5,30,52,60,19,12,19
54,35,13
25,57,19,15,34,6,40
37,49,71,32,33,16,69,14,29,28,36,34,57,39,45,27,2,15,29,55
73
25,50,2,39,3,39,31,43,75,31,33,26,63
46,29,61,25,16,46,1,55,10,59
25,40,63,57,32,45
1,78
36,37,54,30,63,4,14,41,19,14,38,47,26,63,14,71,63,68,80,74,44,56
58,33,64,22,66,17,52,57,4,40,63,33,54,66,78,14,36,43,4,2,68,66,16
80,35,10,73,30,65,57,7,49,41,61,34,9,32,43,44,71,25,28,44,42,25,10,78,68,13,31,55
78,65,29,33,74,54,62,58,30,69,59,22,1,44,62,32,6,25,54,62
49,24,29,10,53,48,22,3,54,3,1,38,32,65
37,46,41,66,66,51,40,66,14,21,49,20,46,22,33,49,23,56,29,32,28
6,63,2,8,15,71,71,79,22,27,76,14,45,62,64,4
77,24,48,48,21,21,1,22,43,8,50,75,68,78,32,50,31,39,64
30,14,74,8,9,7,52,22,22,55,21
79
50,51,72,2,72,67,10,74,13,29
44
21,2,13,73,63,26,67,71
25,42,56,47,49,28,49,79,79,18,49,70,20,41
61,66,68,9,56,31
28,65,50,20,47,27,38,69,12,63,31,19,61,31,46,29,29,44,78,77,66,49,69,41,29,54,61,69
43
40,59,27,12,26,5,49,46,17,63,28,35,43,58,33,71,6,28,21,35,13,69,55,6,18,29
38,41,60,64,33,39,42,76,16,47,76,61,63,59,9,49
66,33,44,24,61,16,58,73,4,32,78,53,12
11,5,75,26,37,65,67,64,80,33,59,12,47,69,52
42,70,80,37,13,60,52,70
55,53,2,60,65,17,70,69,43,15,57,27,33,40,58,66,50,21,64,39,73,31,80
31,36
10,39,15,14,13,67,48,24,3,64,13,71,58,59
36,44,70,45,29,40,65,44,30
75,29,70,57,16,15,66,54,29,32,18,48,79,42,50,14,6,73,71,17,71,58,60,13,22,40,52,38,3
47
61,36,5,28,3,23,33,63,6
30,4,43,32,17,1,24,39,17,46,48,28,58,69,19,61,26,21,61,24,2,73,60,38,20,14,60,4,76,65
26,20,48,9,68,48,32,58,64,77,25,43,7,45
67
34,80,46,35,72,25,24,44,70,4,79,66,20
43,72,20,51,59,19,34,37,35,30,13,77,68,58,10,55,80,43,54,45,29,77
52,72
7,71,28,27,74,70,18,45,72,28,64,25,16,18,7,29,46,74,38,55,48
17,53,33,77,2,6,49,73,49
15,28,1,9,50,50,53,41,30,68,18,45,37,24,25
49,62,9
2,58,21,35,54,22,72,22,47,72,77,61,20,29,21,69,31
61,60,13,78,24,50,53,1,4,22,62,12,70,16,69,10
43,64,73,16,30,17,12,42,36,41,63,56
8,68,2,52,18,57,21,70,57,56,43,71,20
6,40
7,34,57,79,50,38,47,61,79,34,53,13,9,75,52,29,28,24,46,5,76,67,61,52
51,71,13,56,62,6,62,16,14,13,65,3,11,77,34,45,2,46,5,76
33,56,73,30,60,68,17,40,39,78,43,61,10,50,43,48,64,10,13,76,74,16,38,70,49,2,71,46
19,15,71,74,7,21,5
37,76,65,66,38,78,75,8,72,74,71,1,7,18,74,22,55,15,22,9,38,19,15,8,34,5,33
57,37
45,32,35,30,70,64,25,29,55,18,19,7,56,68,32,77,42,46,50,50,35,69,16,42,54,53,74,45
62,15,74,14,1,23,35,64,79,63,38,49,33,76,56,20,27,53,13,24,54,15,59,42,30,52,15,2,46
63,27,58,8,72,58,62,58,41,13,40,30
24,57,68,43,3,40,8,26,14,22,36,7,3,8,54,5,5,17,19,63,74,26,7
7,64,75,19,56,56,31,79,32,19,74,66,10
43,55,54,79,14,56,38,67,60,74,3,30,56,28,55,62,62,14,46,56,64
31,15,51,14,65,44,79,26,76,41,33,49,71
25,28,64,36,21,18,66,29,45,72,42,58,5,39,33,21
15,35,62,60,51,57,58,28,5,50,60
73,25,77,20,40,65,73,57,2,53,53,73,14
30,5,14,50,15,28,36,28,7,38,37,16,65,41,18,77,13,10,53,42,61,13,26,5,69,59,57,42,51,23
32,27,37,1,73,16,68,53,23,57,9,70,42
7,38,13,48,10,54,29,54,31,33,43,9,42,36,12,16,58,43,74
76,66,62,15,38,36,72,78,25,33,46,64,22,11,31,63,64,11,37,47,76,31,7,37,66,18
75,13
41,8,62,22,22,52,57,45,49,33,29,47,16,50,57,79,65,72,41,21,38,36,51,77,72
14,75,62,26,71,22,65,53,75,39,24,51,3,24,4,32,22,51,33,78,49,17,22,42,37,11,77,39
21,26,53,47,40,78,38
63,10,8,53,65,58,55,40,61,6,62
39,11
55,32,73,44,43,22,34,1,42,12,53,40
51,77,63,65,38,70,37,54,48,43,14,60,49,27,43,39,37,27,45,21,51
15,72,74,15,65,5,68,57,7,70,53,69,6,11,11,74,16,58,36,29
36,7,64,26,44,10,71,64,12,30,30,36,55,44,52,11,63,28,17,52,1,38,9,43,48,34,58,57,70
77,57,45,60,3,8,21,25,23
54,52,68,61,48,39,71,30,67,8,34,19,77,42,61,44,76,70,20,17,28,16,25
28,27,32,48,3,55,80,57,58,67,37,57,58,59,7,76,66,40,14,62,33,26,57
15,28,28,43,76,5,35,23,63,66,70,66,72,22,42,2,8,30,58,17
16,12,26,7,57,39,72,2,16,3,17,43,31,59,70,67,45,12,49,62,2,34,6,23,27,39,62,8
31,16,64,74,73,70,51,63,13,52,30,16,20,25,78,30,14,64
26,32,8,59,18,45,33,44,3,46,52,50,76,19,33,70
55,72,25,67,75,55,34,15,79,31,76,12,14,22,37,78,29,47,15,73,79,10,27
61,76,40,31,61
73
52,18,53,47,72,39,13,22,69,8,33,35,29,22,64,9,68,78,33,67,39,11,31,52,7,22,2
35,75,5,38,44,57,36,67,15,48,8,36,8,40,70,68,61,5,29,49,34,13,67,72,24,49,43,30,22
48,56,71,4,14
60,49,20,27,49,27,14,8,18,35,75,79,39,55,79,72,68,17,63,11,65,26,72,6
71,14
74,27,45,5,27,16,63,27,42,76,34,59,30,61,9,20,35,39,11,22,55,26
39,3,55,77,24,45,10,35,38,68,31,43,46,46
73,39,53,58,49,34,38,58,54,25,16,16,78,71,41,62,61,43,36,9,66,1,18,52,70
34,32,51,31,9,75,69,61,52,38,14,42,47,19,66,14,35,15,36,75,76,17,70,32,25
64,75,59,53,79,44,37,1,75,77,75,15,9,79,4,54,40,50,73,57,64,59,71,19,53,19,67
50,44
65,38,59,37,68,54,25,21,80,53,47,47,61,45,50,35,36,52,59,44,67,37,67,37,41,5,56,3,6
3,70,8,13,58,27,18,3,47
55,46,64,68,10,65,22,78
32,73,54,68,59,11,28,63,66,62,68,36,16,9,43,60
21,30,69,20,47,75,65,62,62,26,78,35,23,34,18,48,7
26,49,65,41,34
60,21,14,69,15,25,55,36
75,55,52,21
65
16,63,69,71,48
38,54,43,15,55,59,55,40,57,67,61,22,7,75,46,61,62,52,7,68,55,27,58,40,61,74,22
64,69,40,53,74,2,67,80,13,74,40,69
52,10,66,78,7,78,60,58,4,47,65,62,25,24,43,50,77,76,33,17
37,42,68,23,42,80,48,33,20,59,4,29,76,1,68,73,12,45,28,59,61,42,35,4,36
32,31,68,80,17,24,42,36,78,35,68,46,67,7,24,22,36,20,22,23,44,34,19,72
32,65,30,35,20,33,19,50,20,18,66,75,59,53,72,45,40,69,31,47,13,4,34,64
8,27,11,58,50,6,9,34,35,76,53,19,14,54,70,31
64
44,7,6,3,76,69,49,40,72,34,23,49,41,49,11,19,51,48,27,4,34,22
52,67,62,41,50,53,56,43,16,15,80,18,10,68,19,49,12
23,12,13,71,55,63,41,54,9,77,8,63,5,11,1,66,4,50,38,11,12,5
12,23,66,31,73
74,76,8,38,8,31
22,23,17,63
56,77,23,19,77,9,22,47,78,32,10,3,9,21,57,74,4,49,12
44,19,66,4,1,29,57,24,78
42,5,35,17,23,32,25,44,30,54,28,39,56,36,12,32,61,47,32,72,75,28,43,61,31,43,41,7,18
78,60,43,32,76,65,15,52,61,44,25,8,3,33,75,46,64,7,12,48,31,6,75,25,18,57,67,59
5,48,12,16,42,76,43,59,10,14,71,54,70,78,8
24,5,6,62,16,53,12,53,79,36,71,55,55,49,69,11,48,33,26,42,28,20
37,33,10,42,22,39,1,44,14,5
75,52,5,7,25,3,74,15,9,48,15
10,14,61,67,55,8,6,74,77,70,35,70,12,73,71,7,6,27,7,33,79,43,71,23,77,64,69,5,64
33,73,48,14,60,23,53,17,48,1,7,3,71,50,27
56,65,71
17,69,56,7,43,52,22,63,8,5,17,40,30,65
41,39,58,57,6
63,8,32,32,67,76,39,51,67,52
7,59,57,2,62,78,64,69,35,33,29,64,17,33,24,55,42,32,60,4,15,20,35,78,38,63,69,8,49
58,7,51,34,8,32,31,24,21,65
1,80,24,33,23,78,27,55,9,62,21,60,48,50,17,30,38,56,78,30,33,37,80,66,76,31
19,3,65,26,3,65,49,68,39,78,14,45,39,27,65,50,74,67,19,24,24,74,53,53,59,9,4,76,5
76,55,69,61,33,72,77
59,67,31
32,21,50,48
43,34
18,58,66,71,62,44,31,18,71,67,4,67,74,72,79,26,63,75,58,73,13,40,16,44,12,65,12,34,60,45
29,54,58,19,68,53,2,5,44,68,8,30,13
28,38,14,54,48,6,66,7,54,62,19,70,73,52,1,69,76,30,43,6,80
58,1,66,21,21,73,2,33,23,61,23,68,34,70,26,52,28,79,65,78
57,1,21,77,77,50,39,2,49,20
2,5,64,22,29,65,6,4,46,28,71
49,48,34,29,46,18,26,18,26,27,38,23,55,7,13,8,55,65,18,8,21
29
18,67,53,63,46,75,45,15,43,31,43,40,80,20,57,26,46,14,80,20
12,59,59,28,77,66,49,29,15,18,46,33
60,78,16,25,44,10,7,38,2,6,58,58
55,24,30,27,75,74,5,53,21,1,39
30,5,38,75,37,11,7,34,59
30,68,37,67,69,74,44,79,25,19,54
45,48,31,1,53,4,2,43,24,63,47,62,9,35,72,15,20,50,77,49,70,65,68,10,59,31
35,1,13,40,77,61,23,78,65,26,31,27,49,13,25,62,53,11
68,62,55,16,31,76,1,50,6,11,80,45,45,33,58,36,61,70,58,58,54,3,40,32
52,8
57,18,38,76,79,45,11,61,72,11,30,29,53
74,17
3,53,26,72,62,4,77,65,43,60,68,47,67,52,23,36
18,66,6,60,79,29,23,60,58,75,41,3
6,5,16,32,28,77,67,56,13,61,35,80,27,53,52,1,40,45,50,25,50,30
30,52,3
46,75,9,9,33,45,56
72,53,2,47
62,33,17,41,5,20,73,44,64,43,21,65,24,43,14,75,77,53,72,24,61,33,56,26,8
17,60,72,16,77,53,48,45,45
64,38,48,79,80
63,23,63,28,49,11,80,72,34,61,24,9,38,32,79,6,43,70,21,39
21,3,39,25,18,76,24,16,27,44,30,1,58,58,49,20,57,41,54,69,16,14,26,47,13
10,34
48,60,56,3,19,80,52,46,56,20,73,19,49,25
58,26,47,35,18,52,55,33,66,1,80,30,64,9,15,19,8,75
42,13,26,14,10,1,65,34,51,33,59,78,43,4,77,77,21,48,3,53,65,35,52,46,18
61,69,20,55,63,61,19,8,26,28,41,10,62,11,75,72,41,37,75,69,65,47
67,19,5,22,23,50,71,34,30,59,5,36,73,66,6,33,43,34,25,5,47,67,79,38,59,67,64,47
30
69,80,71,42,54,40,33,8,22,43,12,57,68,29,15,52,24,48,76,28,46,62,58,35,41,44,50
14,31,25,34,30,15,76,4,7,60,43,28,22,6,36,41,67,50,12
49,7,37,46,21,14,80,61,57,1,51,22,31,76,7,13,42,2,48,48
10
35,15,63,27,1,64,39,42,65,77,78,30,17,43,62,29,51
80,24
27,31,57,68,64
36,77,33,62,63,79,76,9,32,12,79,73,76,76
57,44,65,38,25,36,52,56,11,16,2,41,72
25,15,56,21,79,70,3,29,17
60,28,42,53,55,69,75,32,64,11,21,8,78
63,9
16,49,78,5,25,44,12,77,74,1,31,23,18,74,2,77,67,6,52,55,32,35,70,43,55,78,40
12,80,53,28,49,3,64,25,78,75,22,72,76,52,14,45,77,47,41,63,53,44,69,36,78,59,78
56,70,19,19,69,23,46,69,57,61,46,55,56
46,51,70,11,47,67,57
49,61,3,38,17,80,16,14,52,23,35,22,73,56,77,71,76,53,51,41,27,26,27,24,28,17,34
35,11,33,3,71,35,72,7,34,39,53,38,13,39,11,6,14,7,76,10,12,46,50,70
29,14,51,77,79,45,31,9,29,65,32,63,57,70
47,74,5,60,33,48,65,78,54,12,7,17,9,9,7,32,37,20,3,65,18,79,15,59,27,79,42,41
63,8,54,57,45,65,41,12,1,38,65,12,77,2,20,37,8
25,59,38,9,28,36,23,6,14,53,47,54,60,62
65
25,49,30,36,49,19,53,12,15,6,63,51,45,66,27,55,23,35,2,58,9,8,23,14,6,76,25,67
9,56,65,9,5,53,57,24,57
70,62,2,73,58,68,19,64,10,6,65,20,14,24,74,27,30,70,51,48,30,11,56,14,19,12,18,27
74,46,57,7,48,1,64,35,51,47,76,56,64,47,22,7,41
68,62,3,68,11,13,43,56,64,54
42,41,67,8,49,74,7,49,9,41,19,8,68,27
35,48,29,27,47,49,8,49,36,18,14,78,25
3,18,70,43,37,77,11,62,3,11,22,75,30,29,15,8,3,49,55
75,53
34,22,67,51,67,16,27,15,18,77,36,61,33,33,23,14,67,66,67,14
48,28,54,50,28,28,1,22,80,32,55,53,50,57,71,65,35,5,3,31,41,15,63,25,69,28,43
15,56,20,62,35,73,63,62,52,16,3,52,79,9,56,49,17,47,33,52,3,67,2,75
17,19,70,44,14,43,10,69,15,23,24,7,6,37,59,21,72,62,19,80,37
49,3,52,52,38,38,53,32,71,21,3,60,17,16,54,58,36,68,1,11,27,38,48,5,10,39,66,60,70
79,38,9,2,41,46,71,14,29,61,66,31,40,2,46,46,60,34,65,12,44,11,1,11
10,1,64,21,71,38,19,60,78,52,21,75,43,66,23,23,51,54,15,5,51,12,64,4,76,27,80
27,42,5,36,43,69,8
58,27,44,55,30,64,49,72,49,71,47,52,76
56
72,71,34,19,17,33,57,43,75
30,69
37,53,27,15,16,33,45,80,1,68,80,23,34,3,51,46,10,49,69,80,34,8,48,19,64,10,13,77,71,33
60,5,24,74,20,56,70,51,8,58,3,63,43,37,33,9
33,77,46,66,36,14,4
55,48,48,46,32,14,25,36,69,50,8,45,40,10,4,49,12,66,11,49,50,51,15,2,80,12,20,35,25,55
32,23,54,77,54,19
42,7,22,49,3,13,58,39,13,22,24,56,22,74,26,68,27,25,79,78,12,56,53
7,27,22,35,80,72,7,73,79,60,73,33,73,51,71,37,24,15,12
40,38,64,18,14
16,57,37,68,26,75,14,79,29,45,71,67,70,69,47,62,53,71,64,44,27,7
39,3,1,28,66,18,73,80,65,50,68,4,75,63,49,73,11,46,15,30
3,76,16,8,18
51,76
12,34,73,12,13,10,61,6,9,78,7,77,1,33,11,2,57,53,47,72,2,33,26,29,80,33,46,31,35,42
46,27,45,9,40,54,70,77,15,67,35,43,19,67,53,20,43,57,18,66,59
12,7,50,44,53,80,31,46,52,76,72,16,5,63,70,26,11,36,44,45
62,31,2,34,26,58,51,43,68,53,54,75,22,50,79,53,80,44,25,27,35,72,31,50,13,56,60,48
25,77,33,7,78,66,64,8,68,27,75,40,80,21,13,1,19,66,80,62,42,27,49,33,9,18,46,17,77
67,53,42,19,12,71,36,75,30,24,21,25,15,53,45
5,16,45,5,29,38,63,77,70,23,46,67,39,75,32,26,79,25
10,15,32,5
55,57,21,21,61,17,80
32,44,22,13,33,36
55,58,7,41,17,33,24,74,31,80,69
47
77,43,26,5,63,47,18,31,46,35,15,42,56,27,74,43,67,80,20,25,41,68,57,16,61,40,16,50,32,14
60,56,47,64,70,13,33,20,10,67,66,3,74,44,77,36,63,76,8,7,68
16,36,40,55,3,41,6,16,61,65,71,27,80,12,39,65,63
51,49,3,77,44,31,32,26,59,71,33
18,48,33,9,54,67,49,11,34,29,27,56,56,26,67,46,10,50,78,13,50,1,9,13,63,72,39,41
71,71,32
23,40,75,42,40,5,75,68,31,51,75,56,37,73,18,38,70,30,7,22
20,5,61,10,77,75,32,67,26,21
17,47,3,56,51,77,76,1,79,70,8,68
25,25,4,6,32,57,27,3,61,8,44,58,2,75
60,47,37,76,13,39,4,63,68,79,63,18,20,22,5,34
30,69,36,13,77,63,47,58,70,10,67,23,4,14,2,2,51,30,14,41,33,28,28,63,42,46,34,63,2
61,31,39,17,75,36,31,41,45,20,2,63,74,5,76,28,38,78,57,3,39,41,30,18,55,71,15,8,6
27,66,47,65,34,74,52
34,16,35,36,30,61,72,26,8,62,23,16,64,61,56,14,31,30,36,45,69,41,61,15
60,32,44,53,35,28,38,51,14,25,80,74,17,57,33,78,80,48,13,12,23,26,74,4,62,39,73,54,51
32,62,22,76,66,57,55,24,59,20,80,58,14,48,67,78,77,66,46,10,29,20,35,23,56,48,13,48,22
38,5,77,60,32,62,68,6,37,46,26,37,55
4,41,20,1,58,65,10,39,37,76,61,12,76,25,11,49,39,48,53,35,59
49,46,42,5,11,19,41,18,41,77,58,61,77,36,45
74,1,65,6,12,60,30,22
20,22,33,7,80,37,55,78,30,59,40,49,52,57,9,48,35,21
22,66,65,15,18,49,52,62,29,1,35,56,52,56,40,58,8,28,32,37,58,11,76,58,14,5
61,39,39,8,60,56,72,26
40,77,6
29,41,76,80,48,35,10,7,63,41,43,72,3,71,49,16,75,18,28,33,56,35,44,63,26,21,8,66
13,5,77,5,80,76,53,67,5,11,1,78,54,72,80,76,72,48,70,9,75,54,17,30,49,79,55
6,40,37,19,45,33,55,76,60,59,62,17,70,62,14,75,5,45,70,76,12,59,37,7,64,53,36,32,3
20,9
56,59
8,65,73,67,44,7,35,33,20,48,59,25,45,48,52,56,58,40,14,41,12,49,72,47,11,43,7,44
65,41,57,49,65,75,44,23,30,76,43,29,6,19,73,53,22,49
62,62
25,63,45,71,25,7,77,20,56,13,12,32
76,59,57,19,8,5,13,36,10,31,61,15,52,61
65,42,50,10,56,46
32,53,29,51,60,73,62,12,6,10,70,15
29,19,72,16,60,22,76,26
56,22,42,50,23,3,57,68,34,9,72,14,11,4,7
47,44,2,36,58,61,16,28,52,31,40,25,59
1,34,38,42,35,12,44,12,80,30,20,23,43,30,58
54
45,7,59,54
26,34,22,57,25,46,67,9,79,20,79,72,55,10,68,18,41,17,37
11,18,73,12,24,17,8,30,27,13,49,53,78,70,61,22,68,47,63,18,18,61,9,24,70,28
31,76,29,78,7,47,70,50,70,6,9
33,21,19,5,51,41,17,72,60,63,54
32,66,5,56,56,65,16,38,60,45,35,18,43,56,67,64,62
34,46,48,5,50
45,18,41,24,32,15,52,63
8,38,39,72,6,28,52,50,14,69,12,70,8,75,51,34,60,16,33,64,17,50
66,11,35,17,57,6,79,40,46,69,79,37,74,26,8,43,40,29,6,29,68,32,31,21,43,78,54,27,14,55
31,17,25,47,25,62,77,65,27,65,63,64,58,8,23,52,79,3
27,70,40,57,43,3,54,48,61,19,22,50,49,39,74,47,15,56,44
34,28,61,49,38,21,72,9,19,26,50,78,16,9,6,10,43,12,57
30,78,73,31,68,18,29,3,25,72,33,59,52
27,41,66,50,1,36,76,50,33,43,59,71,52,53,2,60
63,9,52,45,29,69,74,63,46,17,15,56,68,60,34,60,77,4
65
30
25,40,39,28,13,40,7,40,23,15,43,67,75,31,60,57,28,77,72
16,3,37,76,32,72,56,16,54,37,64,78,29,23,25,41,62,63,32,4,29,74,23
56,2,32,4,30,23,38,78,58,74,73,9,17,80,56,70,68,39,67,16,13,43,8,75
71,30,6,16,52,61,72
12,27,67,67,64,64
10,8,36,26,39,11,16,27,49,34,74,62,77,2,8,5
69,10,40,41,22,63,78,34,9,64,52,24,80,47
7,2,11,46,44,26,24,12,11,49,25,39,2,64,44,26,53,5,65,45,27,47,74
7,57
62,56,61,47,15,14,57,12,57,34,67,20,44,35,77
37,60,46,62,64,50,78,60,28,44,53,39,2,62,5,63,69,65,61,3,30,37,14
70,80,58,66,67,6,68,23,17,65,36,1,34,33,12,14,28,65
29,78,9,43,66,25,24,69,55,12,34,44,34,66,21,19,52,58,6,74,75,70,61,27
13,38,20,40,54
20,51,64,14,37,8,69,57,14,1,10,58,34,75,30,4,78,8,9,23,2,30,3,60
15,49,8,6,23,31,25,25,14,71,61,53,59,69,67,11,31,44,76,57,25,79,55,32,39,77
20,80,76,56,14,45,63,20,67,45,76,43,10,18,56,62,29,44,80,39,74,75,67,51,20
25,3,24,21,20
52,15,50,66,59,64,37,77,60,64,40,69,34,15,3,62,10,2,20,4,29,6,6
23,30,2,78,2,21,40,6,68,42,23,78,25,59,75,37,74,66,25,27
59,8,41,13,60,44,41,17,1,40,71,30,73,68,64,46,60,21,33,21,43,30
53,56,33,46,41,10,25,72,68,64,65,32,75,60,72,44,61
34,42,8,54,57,53,33,77,5,5,39,66,1
42
9,34,75,33,58,14
42,46,43,21,69,6,33,4,71,75,11,44,51,63,76,48,19,32
4,33,17,77,50,25,31,44,9,40,9,56,33,6,50,53
55,38,30,78,32,72,41,2,54,69,1,24,20,7,27,4,55,56,53,31,38,48,39,77,57,46,29
16,33,8,22,70,69,19,21,60,60,55,65
55,8,19,13,67,23,67,42,75,49,79,43,39,27,51,5,55,32,52,7,72,73,29,60,44,49,72,55,55,56
62,16,24,74
46,13,75,73,61,73,67,20,19,37,56,25,20,59,63,43,3,11,55,46,12,46
66,21,57,79,36,1,73,69,78,5,63,22,17,7,8,68,57,76,75,33,48,53
10,8,26,64,53,69,29,57,7,2,33,5,69,33,77,10,31,33,72,4,50,31,12,69,39,39
72,6,68,7,16,75,64,79,80,53,60,56,59,13
63,33,73,12,42,55,44,66,58,45
21,34,6,60,49,77,65,68
32,15,19,31,14,23,42,21,1,6,60,15,38,4,26,80,10,22,17,20,66,64,40,51,69
51,18,36,39,4,67,53,22,49,18,76,42,38,28,47,49,43,5,53
36,14,41,4,33,59,67,73,29,7,43,80,56,30,70,60,17,74,33,17,11,29,59,80,56,25,48,50,61,52
48,66,62,3,50,40,69,42,21,28,37,20,35,66,41,14,34,34,47,51
27,61,43,34,37,42,36,18,46,57,17,63,38,20,32,30,40,26,50,19,62,21,54,79
67
14,65,35,9,43,15,3,29,51,76,64,20,41,40,69,55,29,40,7,58,31,32,27
45,79,23,43,59,41,27,24,58,13
52,59,18,80
14,63,1,6,54,21,61,3,60,67
11,50
12,46,69,66,8,80,26,67,55,35,79
7,58,8,38,39,21,53,71,59,26,12,39,60,23,57,24,65,58,14
23,34,61,62,65,39,48,40,25,79,30,31,8,37,21,78
73,68,68,18,31,26,30,6,34,53,22,11,18,50,33,51,30,46,36,20,14,27,45,44,56,27,3,44,47,80
71,19,40
2
70,39,50,74,60,12,11,29,76,13,11,42,80,30,7,26,26
33,5,4,77,3,3,49,74,53,41,34,54
55,44,59,48,24,22,58,52,18,22,14,59,22,76,17,47,21
32,57,21,28,60,55,28,5,59,20,70,65,29,44,28,39,43,51,60,52,55,77,73,68,7,14,63,23
36,72,44,12,44,23,23,50,2,59,29,22,80,13,2,75,40,40,37,11,19,8,17
33,4,54,46,19,29,10,54,20,5,17,16,27,72,65,61,50,13
50,25,35,44
26,33,59,44,72,75,11
78,17,22,48,45,31,21,16,68,70,31,46,61,48,26,30,60,59,31,37,45,27,53,70
63,66,2,57,76,58,6,44,79,54,8,61,26,56,48,15,38,14,75,5,71
17,2,39,5,46,65,9,68,27,71,53,29,47,80,6,52,44
57,3,16,3,58,16
48,29,44,52,51,20,20
58,24,50,75,32,37,21,54,41,49,20,40
24,3,41,32,38,9,34,15,24,51,62,4,14,66,54,65,5,26,42,61,75,68,44,63,9,18
9,69,62,47,44,17,39,76,54,47,29,20,70
34
76,51,47,60,7,24,54,67,18,73,31,32,33,80,54,74,68,67,40,64,3,78,59
45,7,60,34,70,45,59,65
25,77,21,48,2,8,17,74,70,48,59,21,21,52,8
11,71,42,40,1,1,36,8,12,22,29,56,80,45,22,24,41
23,74,2,71,20,23,38,78,43,10,49,2,48,11,73,41,50,25,42,38,32,5,59
61,58,57,34,33,49,76,7,43,29,77,62,51,34,59,13,75,59,15,42,69,39
70,63,76,59,47,80,37,58,12,46,66,46,30,35,73,36,77,22,64,10,72,49,20
43,78,51,5,18,41,39
23,34,18,69,65,54,79,29,52,64,26,1,18,18,37,46,71,20,7,63,69,26,51,63,55,21,67,72,13
31,35,42,80,56,27,53,54,55,24,69,80,57,39,49,13,4,40,64,11,54,4,68,24,67,43,76
66,8,14,48,74,55,47,49,1,52,54,7,27,43,38
1,7,15
78,31,78,51,66,18,26,4,12,21,41,77,60,54,77,53,28,43,54,61,46,27,19,73,21,57
53,15,42,41,12,24,70,14,9,7,39,13,18,11,5,47,22,58,43,26,37,37,79,17,35
68,27,30,44,53,3,10,14,75,53,69,64,66,78,23,56,42,72
46,38,39,55,32,64
21
60,55,72,47,33,21,42,5,55,51,19,1,23,7,17
36,39,63,29,30,80,26,68,38,80,51,53,43,71,67,22,77,58
29,31,29,34,37,31,4,38
42,6,12
44,26,58,73,57,4,12,46,35,15,18,77,5,5,18,2,62,37
44,65,15,33,47,18,70,19,60,75,62,9,70,39,66,14,15,21,26,60
40,78,52,76,34,70
47,58,11,11,43,25,43,9,75,64,60,54,10,73,14,79,32,31,12,78,52,69,58,59,60,7,30,8,40
68,38,29,78,48,23,55,42,63,49,25
54,66,67,19
50,49,60,47,20,80
78,60,62,60,19,53,62,6,11,10,36,10,64,10
47,10,28,72,15,46,58,33,61,27,1,40,74,53,40,49,2,51,63,13,69,67
26,77,36,61,39,52,22,10,50,63,69,41,77,34,19,61,15,77,62,6,22,66,45,23,19
37,32,35,23,58,13,52
73,10,16,15,51
29,71,26,26,25,76,6,71,24,19,76,46,36,73,20
39,56,38,26,30
38,33,59,62,42,27,76,44,11,25,35,36,2,11,31
1,55,58,28,52,13,20,71,19,11,78,8,36,59,22,25,12,33,6,5,59,34,49,21,10,35,57,11,77
49,29,45,58,56,16,23,28,38,41,70,67,49,57,46,22,1,57,6,38,61,16,71,61,37,80,47,45,42
3,43,23,48,52,79,63,74,58,53,67,79,39,67,55,4,40,7,12,46,44,73,13
5,1,66,52,45,28,46,48,22,69,15,73,19,29,67
1,5,26,72,71,80,75,30
39,27,1,63,72,35,67,72
70,37,32
4,53,8,50,77,26,78,63,5,31,19,30,54,9,61,48,71,18,38,49,50,20,40,37,39,32,9,28
40,47,23,44,54,72,40,31,21,55,35,3,73,16,56,34,28,56
77,13,72,47
32,3,71,63,11,50,2,2,49,24,45,22,47,4,5,67,58,39,70,3,7,77,36
52,59,63,17
29,49,65,63,71,79,25,72,80,58,40,55
14,21,57,18,8,67,8,29,69,14,57,56,80,29,34,62,45,67,42,45,52,56
50,32,58,2,9,50,56,30,15,77,6,32,36,24,39,16,12
72,67,4,52,52,17,16,71,10,12,74,17,78,75,48
76,56,57,4,5,23,80,42,54,67,18,44,2,29,48,25,48,3
51,51,12,41,12,24,66
53,61,75,60,56,2,68,59
10,10,32,63,76,49,59,29,29,58,54,28,61,50,79,63,13,71,75,68,57,54,41,69,1,20,44,2
55,40,49,64,71,32,12,39
72,19
45,47,31,46,45,46,11,67,72
75,45,38,63,45,10,59,79,49,33,38,17,48,60,80,11,50,41,3,68,60,47,34,42,45,30,7,55
78,52,43,75,42,58,71,51,36,69,19,20,58,35,67,37,35,78,38
80,26,38,78,11,80,74,73,38,48,73,36,52,67,62,13,44
15,31
65
18,51,37,7,37,66,44,64,17,69,21,46,32,52,40,56,10,7,48,77,10,34,58,54,78,29,68,28,21,52
39,55,18,45,11,3,40,74,51,61,47,16,12,18,55,67,59,14,66,55
19,64,77
45,16,76,65,20,57,23,74,74,19,4,28,59,78,78,39,76,13
13,20
72,65,5,46,39,23,62,67,71,26,3,18,10,54,74,65,47,19,35,2,46,13,31,43,3,26,7,36,39,58
62,42,59,59,33,34,40,19,56,65,53,73,75,26,18,11,24,36,45,26,33,10,56,75,12
33,48,72,43,54,53,36,33,31,68,18,23,7,73
59,17,33,37,34,43,60
8,37,53,49,13,79,60,78,63,59,21,25,33,25,61,17,7,80,34,29,6
36,17,42,20,5,27,15,64,79,54,21,3,22,65,33,1,62,15,12,2,72,44,26,4,60,32
45,61,9,70,48,57,63,19,61,9,33,76,7,6,16,41,27,32,73,60,13,39,71
30,66,71,33,77,55,36,41,67,76,30,66,52,12,4,64
37,59
42,27,50,21,58,42,80,23,80,22,68,30,7,11,14,3,65,49,43,3,44,72,68,47,35,71,62,6
41,15,53,19,64,73,76,57,24
56,45,6,37,51,48,51,5,32,51,47,66,47,70,53,45,24,75,27,61,6,19,75,58,37,10,2,32
57,50,41,21,7,30,23,54,32,59,37,2,25,54,48,46,58,13,21,52,39,1,9,57,27,18
36,19,76,53,75,77,45,47,35,74,21,40,25,79,76,27,55,1,26,20,58,70,40,62,60
70,68,18,8,32,5,58,28,57,5,56,54,3,11,47,24,50,24,22,78,2,77
27,48,56,17,40,37,76,31,58,64,1,65,47,37,75,74,46,79,2,19,1,12,65,56,61,8,78,10
26,8,68,73,15,36,32,3,63,15,60,46,15,77,45,51,23,38,48,21,39,66,53,2,3,29,15,42,58
51,35,63,70
29,25,11,63,7,57,43,5,71,71,49,73,13,38,41,65,29,58,69,30,60,17,76,22,26,20,24
34,13,39,15,69,49,77,27,25,39,31,47,61,31,71,25,69,63,9,49,41,78,30,52,46,26,73,24,45,16
30,60,41
80,41,41,27,17,31,9,15,12,40,38,68,60,20,77,28,12,26,9,64,23,34,8,46
56,1,60,35,73,55,67,34,15,13,2,78,21,49,41,12,6,28,23,25,24,2,69,1,11,4,56,44,11,21
66,53,53,53,46,27,39,31,74,51,32,71,23,32,31,35,37,58,9,14,34,11,2,66
5,41,64,15,14,57,33,18,61,5,63
43,13,65,45,77,55,19,28,37,53
46,14,30,31,24,31,17
67,9,27,33,54,36,65,72,16,69,6,7,63,51
27,79,77,46,58,65,50,74,31,63,23,61,6,5,29,1,71,70,28,24,43
40,66,30,29,72
43,42,59,70,40,8,67,17,72,68,43,22,3,65,35,8,70,15,41
36,68,67,79,2,27,16,63,7,39,3,49
62,70,71,21,8,40,12,76,2,66,78,18,20,37,39,66,77,51,22,16
52,49,15,67,64,53,26,66,22,57,79,43,80,19,51,39,31,46,40,48,75,9,19,31,48,4,60,18,57
38,28,76,53,47,59,57,24,44,78,32,43,73,31,61,43,69
40,60,10,34,69,28,16,36,64,75,5,40,22,42,68,49,46,66,27,23,9,22,52
64,44,71,77,38,11,71,77,23,1
43,60,46,30,43,72,34,3,45,27,22,13,25,7,71,47,47,13,50,38,28,46,60,24,3,71,47,32,45,47
7
58,36,21,2,21,55,46,79,28,11,23,34,33,21,32,45,71,69,25,68,49,80,22,71,46,53,35,44
73,22,43,60,74,44,80,80,42,78,27,4,53,12,36,73,43,1,15,31,57,2,31,56
21,22,76,55,65,61,79,38,24,58,31,19,9,30,60,39,8,63,11,19,19,3,13,51
76,27,51,26,2,26,47,55,22,53,40,2,4,29,57,61,60,76,70,41
28,49,22,70,19,40,72
42,41,27,20,44,4,21,69,50,28,42,55
76,58,47,52,70,26,79,59,19,38,38,19,59,27,69,18,51,20,11
78,30,6,2,2,27,3,29,68,9,47,63,18
67,8,71,17,18,41,54,56,59,32,2,48,1,4
43,47,17,72,4,50,74,62,4
50,13,21,64,30,66,2,69,8,19,7,49,24,62
8,15,26,8,19,77,51,17,45,74,20,14,19,2,17,73,3,61,45,18,43,62,20,31,69,70,37,37,13
16,20,65,73,60,35,69,62,51,65,55,22,78,26,55,47,18,9,59,14,27,21,75,78,52,63,67,40,52,31
19,3,74,11,62,60,32,75,30,16,49,3,46,26,10,44,43,50,22,8
75,34,25,78,49,11,37,20,74,46,38,76,71,80,9,50
3
79
34,44,29,75,39,23,44,60,31,72,6,64,16
32,59,40,3,4,5,72,79,76,72,7,45,54
28,4,11,13,79,71,7,37,14
49,76
54,59,41,57,43,51,48,77,54,52,69,4,79
10,76,17,50,23,21,12,35,19,3,73,8
74,56,43,19,61,53,11,37,15,13,4,12,66,8,32,21,38,43,62,33,11,31,7,31,74,41,2,28
41,75,59,16,69,29,28,42,39,65,8,3,20,51,68,59,2,40,17,76,21,1,7,3,8
76,80,22,56,65,62,50,43,29,39,23,57,32,13,73,39,15,44,10
23,43,73,71,71,13,71,77,15,78,17,42,78,39
14,20,19,56,49,9,30,57,40,42,49,30,56,12,39,9,34,34,33,56,24,45,47,52,11,76,68
25,58,21,38,78,39,45,78,79,74,54,38,35,22
42,65,58,2,51,43,34,26,66,30,24,69,40,20,56,44,44,34,16,34,63,6,78,12,4,72,17
58,70,59,20,54,68,53,24,62,7,2,79,68
67,28,44,75,23,40,60,70,73,74,75,22,5,30,13,21,22,23,10,32,74,63,20,46,39
4,40,32,72,16,18,51,60,12,25,51
14,75,16
16,20,69,61,72,10,35,1,41,28
12,25,6,45,29,45,76,52,60,45,22,71,57,46,73,79
19,47,50,35,66,70,47,58,79,1,10
60
35,36,30,79,64
26,35,38,70,8,60,78,53,53,29,15,71,75,64,57,60
55,69,35,7,79,26,66,55,60,22,37,10,37,62,67
51,56,31,31
36,3,2,2,25,28,66,2,7,22,56,28,57,63,58,2,80,32,13,53,20,54,10,2
65,52,47,47,2,20,2,36,53,4,61,80,21,14,39,42,69,66,50,3
51,35,58,15,7
68,48,79,59,32,2,26,79
77,32,71,50,67,3,1,39,16,39,33,5,56,2,39,50
73,28,19,80,57,39,47,55,17,31,8,42,61,43,39
66,40,31,68,40,69,4,31,21,40,38,55
40,59,23,19,77,54,75,35,52,1,4,2,8,77,62,3,67,26,68,26
7,18,76,42,48,17
37
31,76,1,5,14,77,58,8,64,29,40
63,48,63,44,50,50,69
27,76,75,44,72,37,43,40,69
62,51,27,62,55,41,10,64,80,73,13,40,59,75,39,74,70,40,75,11
21,6,54,17,29,10,11,20
42
1
14,8,61,24,71,12,16,35,3,27,61,41,52,51,80,46,13,59,18
33,66,31,74,77,50,24,38,51,57
16,16,38,39,6,2,7,73,4,33,5,77,36,55,28,33,19,7
69,71
19,64,16,68,40,5,70,48,15,6,63,52,76,20,5,2,44,9
49,37,21,55,64,53
22,55,14,44,74,64,60,41,3,19,45,73,18,59
80,63,25,51,19,27,15,27,44,63,15,65,37,79,69,30,52,75,43,16,68,58,75,60,61,45,57,53,62,67
13,49,10,63
68,77,46,32,11,13,16,48,43,4,29,14,31,24,61,50,1,55,30,61,51,6,65,64,72,18,76,73,60,11
47,7
78,50,21,45,17,63,1,45,29,31,68,9,80,21,16,29,1,18,66
2,10,35,77,2,14,7,45,13,46,5,10,15,58,55,63
55,27,20,37,47,61,36,67,76,17,19,13,2,36,46,43,71,43,76,36
40
78,77,10,12,54,64,74,45,70,53,65,58,51,45,13,69,72,61,7,36,15,75,2,57,65,76,53,52
44,52,26,40,61,37,13,76,63,58,17,67,74,74,69,70
57,61,19,15,48,33
49,9,25,76,13,29,24,57,80,49,16,12,5,61,7,19,70,23,37
16,25,4,53,33,64,71,80,31,23,40,32,64,17,27
45,2,52,76,50,20
7,32,13,25,21,67,14
2,70,70,6,23
77,54,35,51,13,18,34,29,77,30,25,78,33,52,80,52,58,6,3,22,62,55,8
