748
498
957
464
869
259
261
263
1070
1027
160
911
77
1268
223
33
239
1034
954
1294
1117
406
55
40
826
944
1170
498
1030
90
65
493
138
944
974
1083
1148
936
99
423
1349
191
347
407
114
873
504
845
286
282
61
59
944
978
1073
102
580
963
470
476
1294
740
352
1111
1017
372
355
158
96
1188
932
604
855
961
13
750
451
1292
861
888
64
107
72
388
1247
1415
759
766
446
563
26
292
1163
104
393
614
770
125
1166
696
636
77
1219
473
367
592
964
1379
386
195
544
1245
1034
526
323
472
263
907
377
827
1157
986
1440
1333
820
1117
987
279
509
739
554
333
1272
754
448
501
195
163
553
416
626
661
468
740
860
282
796
134
527
840
224
581
488
979
971
613
1123
483
390
1142
823
884
927
685
69
862
633
210
539
110
444
299
1017
1084
408
254
969
388
1067
60
1102
943
636
550
463
693
685
541
5
343
435
131
324
826
403
1138
1018
400
871
55
1079
1055
969
404
848
521
1409
236
918
130
241
663
886
630
885
921
1086
828
1480
848
1305
871
213
410
256
515
506
1156
61
14
598
1239
133
387
1355
567
329
562
146
327
1231
743
300
607
868
550
248
373
775
1135
524
807
1139
880
144
1096
612
588
485
939
1055
1145
1242
262
426
990
481
693
224
582
757
514
265
1107
963
441
361
521
926
1256
568
723
120
789
277
178
350
1255
578
19
604
264
550
95
765
877
850
1061
1107
240
452
225
1089
1352
806
374
145
469
960
648
472
495
904
203
787
309
623
454
173
771
756
570
336
166
531
477
1049
41
481
1305
1005
1098
929
1131
102
877
1010
788
878
1104
481
1002
898
775
745
946
727
614
675
1166
541
135
319
766
954
337
1072
938
380
1254
511
692
138
410
288
822
100
303
653
623
581
315
1096
93
560
778
1073
344
703
898
509
561
490
207
918
645
280
998
555
505
862
1351
924
197
165
881
168
321
1294
578
263
243
617
606
629
753
752
1080
593
764
1165
1079
773
858
703
569
917
285
777
146
745
269
496
102
196
717
73
460
348
262
79
956
956
1160
919
431
835
629
800
314
79
440
44
336
652
291
1302
43
892
773
554
702
424
1088
67
498
403
1218
47
258
1080
570
67
599
1009
124
860
359
494
120
713
605
493
543
46
1076
728
1278
212
1035
94
1238
1134
530
629
588
1016
595
602
481
625
1029
508
650
1132
88
1142
1118
303
481
50
451
959
811
1110
319
1027
1047
769
906
784
614
1027
269
73
995
1148
193
1034
85
803
560
1121
1035
1372
94
1295
247
408
748
720
215
295
203
65
267
1281
645
932
1025
947
994
555
64
778
711
692
205
235
125
679
322
1069
1185
606
853
247
328
1278
528
192
494
201
487
1201
331
1143
1196
443
157
151
77
1438
451
896
882
393
342
632
29
882
491
402
404
296
566
1053
690
1049
60
580
91
758
518
849
85
273
174
1054
433
309
845
846
44
606
691
968
1015
1174
30
1207
601
713
10
738
104
247
783
515
315
596
72
1139
1393
646
349
1091
785
651
1042
605
514
65
947
335
1042
743
442
509
463
621
128
808
1080
998
748
1096
859
1104
230
694
56
421
99
1197
614
276
1062
259
868
851
174
1098
857
121
127
1025
930
839
1302
1228
588
760
62
312
180
489
47
1235
962
696
476
1069
174
876
394
553
427
648
1060
1103
365
942
1278
1311
549
819
626
270
732
1003
361
123
1157
1311
1229
29
115
1123
819
124
446
503
269
473
320
472
499
502
54
165
782
972
473
436
784
183
290
866
1220
791
818
638
571
720
841
65
30
780
946
1029
308
301
484
633
748
64
658
1032
743
1051
165
759
1102
1230
93
844
801
884
877
474
42
223
754
537
1083
498
1373
176
923
1012
932
708
491
380
786
738
1314
808
952
67
853
412
209
350
61
543
732
681
1111
130
2
656
430
658
1226
758
595
154
320
1040
922
660
153
264
501
947
583
34
1160
385
551
541
857
1042
1148
275
1231
1219
583
23
1176
774
847
274
21
508
931
233
60
594
828
350
1212
518
206
306
541
919
1072
250
165
624
189
532
965
1256
1042
585
360
376
139
1047
728
209
787
191
686
930
544
665
681
257
434
1265
362
91
410
1232
962
893
46
65
1231
806
160
844
33
1105
1042
592
283
837
833
936
780
96
1143
422
1136
881
1197
797
1190
1070
219
1092
1274
131
826
937
948
376
435
193
575
931
237
788
456
852
1268
856
903
477
1139
7
1178
1037
874
825
300
443
836
382
478
373
484
994
1405
683
773
3
79
537
548
264
125
688
347
926
847
828
711
1011
684
1050
624
1049
381
105
353
743
482
60
244
792
687
169
721
773
166
393
580
639
503
778
208
37
403
387
483
1021
168
42
1
692
501
494
140
622
279
591
1501
135
1210
54
688
457
828
40
1409
841
233
661
580
245
179
171
952
